3 0.075100 0.098293 0.077967 0.172481
4 0.798829 0.954900 0.122033 0.086378
4 0.066060 0.259863 0.071188 0.158689
4 0.707867 0.187544 0.075708 0.194852
3 0.776794 0.069167 0.075704 0.138333
5 0.132956 0.121937 0.046379 0.116644
5 0.332617 0.795652 0.063350 0.140756
5 0.333748 0.714193 0.061087 0.126696
1 0.229675 0.477896 0.063350 0.152844
1 0.449698 0.482922 0.059954 0.154852
0 0.503998 0.480911 0.064479 0.187022
2 0.408996 0.036019 0.146892 0.072037
2 0.628206 0.182522 0.079096 0.184807
2 0.781315 0.234752 0.084746 0.172763
2 0.683573 0.645548 0.074579 0.146637
2 0.793179 0.836385 0.131075 0.146637
2 0.519167 0.879574 0.080225 0.116511
2 0.219167 0.878567 0.072317 0.110481
2 0.062669 0.710833 0.071188 0.144630
2 0.140635 0.267896 0.068929 0.239052
3 0.499394 0.360300 0.115254 0.154674
3 0.712952 0.364319 0.085879 0.154681
3 0.602783 0.678696 0.100567 0.237037
3 0.147415 0.673674 0.096046 0.226993
3 0.044046 0.423578 0.088092 0.172756
