1 0.319042 0.059596 0.049775 0.108600
4 0.471708 0.144356 0.093783 0.152667
0 0.509088 0.470856 0.061083 0.187030
1 0.389177 0.932011 0.067871 0.135978
5 0.759088 0.580459 0.063350 0.124681
5 0.764177 0.655874 0.059954 0.134741
5 0.516440 0.043507 0.037329 0.084467
5 0.648792 0.949104 0.066742 0.101793
4 0.305608 0.951889 0.114125 0.084370
2 0.389223 0.112215 0.068929 0.172756
2 0.531596 0.151385 0.068925 0.202889
2 0.688658 0.346241 0.080225 0.122541
2 0.050804 0.145359 0.063275 0.210926
2 0.331031 0.816296 0.085879 0.166726
2 0.661540 0.734941 0.084746 0.116504
2 0.950240 0.727907 0.074579 0.126556
2 0.884702 0.341219 0.079096 0.136600
3 0.463798 0.291000 0.084746 0.152667
3 0.671708 0.241785 0.123167 0.158696
3 0.892615 0.237767 0.126554 0.146644
3 0.581879 0.540089 0.088133 0.220963
3 0.498827 0.814289 0.100562 0.186815
3 0.175665 0.513974 0.087004 0.160704
3 0.131596 0.144356 0.080225 0.156681
3 0.690352 0.873544 0.137854 0.180793
3 0.933856 0.878570 0.120904 0.158696
