2 0.611823 0.149378 0.075704 0.166726
2 0.460410 0.100163 0.073446 0.184815
2 0.597133 0.730922 0.123167 0.152674
2 0.828771 0.194578 0.075708 0.188830
2 0.302781 0.381393 0.076837 0.144637
2 0.107302 0.378381 0.079096 0.130570
2 0.037812 0.770096 0.066667 0.118519
2 0.326510 0.771100 0.090396 0.116511
2 0.541200 0.951841 0.167233 0.096319
2 0.909562 0.802233 0.058758 0.279222
7 0.921992 0.498911 0.117517 0.986326
3 0.323121 0.268900 0.122033 0.156689
3 0.533290 0.273922 0.079096 0.154674
3 0.418602 0.577252 0.084746 0.231007
3 0.305042 0.912719 0.133333 0.170741
3 0.096567 0.264885 0.114125 0.140615
3 0.844025 0.431615 0.081358 0.152667
3 0.602783 0.027844 0.075708 0.040178
3 0.036681 0.913722 0.068929 0.144630
0 0.502865 0.476893 0.064479 0.178985
4 0.620296 0.890622 0.149150 0.134593
4 0.534421 0.094137 0.067800 0.184807
1 0.622777 0.664956 0.069004 0.144726
