2 0.501088 0.279952 0.073450 0.130570
2 0.540635 0.025837 0.071188 0.048207
2 0.835552 0.305059 0.098304 0.168741
2 0.506738 0.824330 0.089267 0.218956
2 0.262669 0.591311 0.157062 0.182800
2 0.672840 0.884596 0.082488 0.190837
2 0.932154 0.923767 0.085858 0.140615
3 0.482444 0.172478 0.110737 0.156689
3 0.773404 0.228726 0.091525 0.148652
3 0.093744 0.173481 0.081354 0.162711
3 0.677360 0.682711 0.109604 0.208919
3 0.812952 0.614411 0.197737 0.160704
3 0.934423 0.512959 0.108479 0.214956
4 0.589223 0.830359 0.075704 0.275207
0 0.502300 0.482922 0.072400 0.195074
