3 0.898829 0.762059 0.186442 0.222978
3 0.071144 0.558167 0.085879 0.176778
3 0.222556 0.616422 0.076838 0.148652
3 0.362669 0.895644 0.042937 0.108474
3 0.403913 0.864507 0.041808 0.166733
3 0.490354 0.614415 0.122033 0.172756
3 0.588658 0.305059 0.081358 0.196859
0 0.500037 0.470856 0.063350 0.170941
4 0.363233 0.968967 0.105083 0.046200
3 0.692048 0.060989 0.077963 0.106467
3 0.488658 0.045059 0.102825 0.090119
2 0.086400 0.339211 0.077967 0.136600
2 0.234421 0.478822 0.080225 0.118519
2 0.277923 0.957919 0.031638 0.064281
2 0.236681 0.930796 0.037288 0.130570
2 0.712952 0.676685 0.146896 0.120526
2 0.772275 0.451700 0.116383 0.132585
2 0.655890 0.271911 0.068929 0.118519
2 0.476794 0.120252 0.074579 0.132578
2 0.290352 0.130293 0.079096 0.136600
4 0.785833 0.575241 0.157058 0.126556
3 0.070013 0.084093 0.072317 0.136600
3 0.972273 0.177500 0.035029 0.150659
3 0.272273 0.057981 0.101696 0.096422
3 0.168319 0.307067 0.079096 0.216948
