2 0.671708 0.285978 0.080225 0.138607
2 0.286398 0.124267 0.064404 0.124548
2 0.474533 0.124267 0.076833 0.128563
2 0.770579 0.446681 0.117517 0.142622
2 0.711823 0.675681 0.153671 0.134593
2 0.233292 0.923767 0.032767 0.140615
2 0.275665 0.960930 0.027121 0.070304
2 0.235550 0.483844 0.068925 0.108474
2 0.083573 0.337200 0.070054 0.132578
3 0.492613 0.051952 0.110733 0.092407
3 0.689223 0.059985 0.081354 0.104459
3 0.589223 0.304056 0.089263 0.210926
3 0.490917 0.610396 0.127683 0.164719
3 0.405042 0.865511 0.041808 0.172756
3 0.363233 0.894648 0.044067 0.114481
3 0.217471 0.616422 0.089267 0.160696
3 0.069448 0.557163 0.084746 0.178785
3 0.169448 0.316107 0.070054 0.218956
3 0.064929 0.089115 0.066667 0.146644
3 0.269448 0.048937 0.109604 0.090393
3 0.973404 0.177500 0.039550 0.150659
3 0.884137 0.723893 0.166100 0.150659
3 0.960973 0.797215 0.059888 0.148652
0 0.500038 0.465830 0.061083 0.164904
4 0.784140 0.585285 0.153671 0.122541
4 0.366060 0.973985 0.103954 0.044193
