2 0.876229 0.265889 0.082483 0.126548
2 0.914081 0.812278 0.092654 0.218956
4 0.295437 0.899659 0.105083 0.192844
4 0.973404 0.818304 0.050850 0.287259
3 0.456454 0.160426 0.083617 0.156689
3 0.190917 0.206630 0.074575 0.156681
5 0.351848 0.733300 0.056563 0.132733
0 0.501169 0.486944 0.067871 0.195074
3 0.846285 0.154400 0.119771 0.136593
3 0.054196 0.536070 0.099433 0.156689
3 0.170579 0.589300 0.235025 0.150659
3 0.290919 0.684722 0.087004 0.229000
2 0.269450 0.214663 0.077967 0.136600
3 0.654758 0.457730 0.089267 0.124541
3 0.514081 0.971978 0.124296 0.052222
2 0.116906 0.214663 0.073446 0.136600
2 0.197133 0.881585 0.082483 0.216948
2 0.371708 0.891574 0.058758 0.216852
2 0.653065 0.583278 0.155929 0.190837
