7 0.491483 0.086241 0.980792 0.172481
2 0.237810 0.622448 0.157063 0.192837
2 0.483008 0.309078 0.077967 0.124541
2 0.818602 0.344233 0.129946 0.190837
2 0.657583 0.902674 0.085875 0.190830
2 0.486398 0.872541 0.080229 0.210919
2 0.912388 0.936822 0.080225 0.094415
3 0.246285 0.510959 0.085879 0.126556
3 0.912385 0.554148 0.120904 0.200874
4 0.568883 0.870481 0.077967 0.259037
0 0.498342 0.482922 0.062217 0.191044
3 0.789223 0.641533 0.204521 0.158696
3 0.658715 0.729919 0.092654 0.202889
3 0.749675 0.250822 0.091525 0.144637
3 0.467187 0.194578 0.114125 0.112489
3 0.076229 0.207633 0.089267 0.142630
