2 0.971144 0.890619 0.048588 0.150659
2 0.343460 0.582274 0.119771 0.152667
2 0.906173 0.465763 0.117512 0.237037
2 0.713517 0.202611 0.073450 0.140615
2 0.502217 0.113222 0.105083 0.222978
2 0.255890 0.352267 0.071187 0.134593
2 0.212950 0.087107 0.102825 0.154674
3 0.594308 0.054963 0.072317 0.098430
3 0.608433 0.414541 0.091525 0.359570
3 0.611823 0.835378 0.098304 0.325422
3 0.843460 0.512970 0.087004 0.154681
3 0.316342 0.694767 0.088133 0.164719
3 0.174533 0.348248 0.087008 0.162719
3 0.097133 0.926778 0.094917 0.134593
5 0.662369 0.380356 0.059954 0.142785
5 0.793023 0.045519 0.056563 0.088489
0 0.506825 0.464815 0.061083 0.182963
5 0.326394 0.044511 0.055429 0.086474
4 0.599392 0.206626 0.136725 0.120526
5 0.104675 0.069011 0.053167 0.138022
4 0.169456 0.035878 0.058746 0.056244
5 0.548681 0.430633 0.056563 0.138763
