2 0.704477 0.515981 0.105087 0.180793
0 0.501735 0.476889 0.064479 0.191052
2 0.365494 0.473796 0.084746 0.144630
2 0.102217 0.808263 0.154800 0.218956
2 0.354194 0.978959 0.073446 0.042081
7 0.494308 0.149378 0.984183 0.287259
3 0.346850 0.358293 0.119775 0.146644
3 0.641200 0.411522 0.089267 0.140615
3 0.528206 0.906641 0.093787 0.186719
3 0.668319 0.836385 0.204521 0.166726
3 0.813517 0.708826 0.088133 0.160704
3 0.779619 0.771100 0.092654 0.156689
3 0.109563 0.695770 0.083617 0.138607
3 0.960410 0.718870 0.051979 0.160704
4 0.441200 0.963941 0.075708 0.068296
