3 0.108431 0.951841 0.088137 0.096319
0 0.499473 0.478904 0.073529 0.183007
2 0.237810 0.099159 0.087004 0.170748
2 0.724817 0.230733 0.082483 0.148652
2 0.911823 0.496900 0.112996 0.259133
3 0.614648 0.075193 0.076837 0.150385
3 0.620296 0.436637 0.085875 0.375644
3 0.629900 0.855419 0.091525 0.289163
3 0.337810 0.732933 0.101696 0.176770
5 0.338840 0.049907 0.050904 0.099815
3 0.186398 0.381393 0.079096 0.148652
5 0.806600 0.056578 0.063350 0.110607
1 0.055467 0.156126 0.063350 0.148815
4 0.612387 0.221696 0.144633 0.134593
5 0.678771 0.405496 0.063350 0.148815
4 0.176229 0.041041 0.056500 0.082081
3 0.863235 0.546115 0.090396 0.148644
2 0.268319 0.378378 0.080229 0.162711
2 0.357585 0.604370 0.120904 0.152667
2 0.516342 0.131296 0.101692 0.226993
