3 0.620296 0.605374 0.124292 0.170748
3 0.516906 0.853456 0.089263 0.160704
3 0.353065 0.603363 0.082488 0.158696
3 0.196569 0.542096 0.088137 0.160696
3 0.284704 0.294011 0.088133 0.194852
3 0.186963 0.069026 0.080225 0.126556
3 0.385267 0.054967 0.108475 0.106467
3 0.605608 0.032867 0.108475 0.054237
3 0.794873 0.055970 0.080229 0.068296
2 0.589223 0.127281 0.077963 0.122533
2 0.406738 0.119244 0.072317 0.118519
0 0.517573 0.480911 0.059954 0.199096
4 0.032748 0.746993 0.065496 0.216948
4 0.912952 0.569215 0.158196 0.126548
4 0.497133 0.964896 0.110733 0.070207
2 0.793177 0.267896 0.079096 0.138607
2 0.886962 0.422574 0.112992 0.122541
2 0.838377 0.665637 0.140112 0.118519
2 0.370579 0.925774 0.038417 0.144630
2 0.409562 0.954852 0.035025 0.090296
2 0.097698 0.856470 0.071187 0.275207
2 0.031596 0.919748 0.045200 0.144637
2 0.037812 0.546115 0.066667 0.156689
2 0.206171 0.325148 0.066667 0.124548
2 0.357019 0.465763 0.079096 0.100444
2 0.631596 0.471789 0.072317 0.108481
3 0.708998 0.300041 0.093788 0.214941
