3 0.517471 0.097148 0.070058 0.186815
2 0.340071 0.608385 0.094917 0.261141
2 0.288094 0.329163 0.070054 0.128563
2 0.441200 0.126278 0.064408 0.124541
2 0.589790 0.257852 0.079096 0.090400
2 0.856454 0.254841 0.074575 0.100437
2 0.657585 0.678696 0.115254 0.277215
2 0.889788 0.797211 0.080225 0.144630
4 0.762104 0.795204 0.152542 0.176778
5 0.683296 0.199363 0.056558 0.122681
5 0.970060 0.574426 0.050904 0.144793
5 0.455919 0.574426 0.061088 0.140778
5 0.575829 0.460804 0.065608 0.130719
5 0.214404 0.635767 0.064483 0.146807
5 0.457052 0.048533 0.042988 0.090504
0 0.503431 0.474881 0.061087 0.183007
1 0.260219 0.280811 0.067871 0.152837
5 0.679902 0.134004 0.056563 0.108600
3 0.438375 0.323137 0.081358 0.156689
3 0.920296 0.105185 0.082483 0.182800
3 0.147417 0.070167 0.077967 0.128289
3 0.036138 0.700793 0.072275 0.341496
3 0.159279 0.540089 0.155933 0.148652
3 0.776227 0.922711 0.090396 0.150563
3 0.762104 0.610396 0.093783 0.144630
3 0.844025 0.379385 0.122033 0.152667
3 0.612952 0.377378 0.125421 0.152667
2 0.387527 0.957915 0.079096 0.076333
4 0.266058 0.512970 0.093783 0.202889
