2 0.575662 0.580263 0.080225 0.144630
3 0.812952 0.459737 0.093788 0.160704
3 0.867754 0.157415 0.088133 0.166726
3 0.946850 0.090119 0.088133 0.144637
3 0.081879 0.094137 0.161583 0.136600
4 0.798262 0.270911 0.071183 0.208919
4 0.165494 0.355278 0.087004 0.176778
0 0.500604 0.475885 0.057692 0.185015
5 0.218363 0.212433 0.054300 0.124689
3 0.155890 0.164441 0.070054 0.204896
3 0.135550 0.512967 0.085875 0.170748
3 0.245154 0.791189 0.088133 0.249089
3 0.355890 0.440652 0.124296 0.142622
3 0.593742 0.462748 0.125425 0.158696
3 0.705044 0.794200 0.092654 0.231007
2 0.223131 0.405489 0.059904 0.132607
2 0.075098 0.319119 0.071188 0.192844
2 0.493177 0.091122 0.148021 0.146644
2 0.727077 0.278948 0.084746 0.192844
2 0.244590 0.288989 0.039546 0.092407
2 0.375098 0.577248 0.079096 0.130570
2 0.157019 0.822322 0.081354 0.146644
2 0.316342 0.968967 0.079100 0.046200
2 0.624252 0.966904 0.087004 0.066193
2 0.796004 0.766078 0.080225 0.150659
2 0.879054 0.329167 0.088133 0.188822
2 0.909560 0.935819 0.115254 0.124541
